Image TSC_3_07; scale=1.5947265625e-07; signal=inlens
n°cupule; surface(m**2); fermeture_cupule(boolean); diametre_equivalent(m); grand_axe(m); petit_axe(m)
1; 2.039099922370911e-10; True; 9.774707012720062e-06; 3.2682100258767606e-06; 1.4798395941965282e-06
2; 2.7237166585922246e-11; True; 7.76489417181676e-06; 9.235456311702729e-06; 5.985710010305048e-06
3; 2.3753047237396244e-11; True; 7.851121217660168e-06; 1.844222696349025e-05; 3.916392849572003e-06
4; 2.6906556720733647e-11; True; 3.1803463320200656e-06; 0.0; 0.0
5; 4.175856912612916e-11; True; 4.404717141779542e-06; 1.834904632344842e-06; 1.0547249763272702e-06
6; 3.3239007215499887e-11; True; 1.0181584969642244e-05; 1.0045873350650072e-05; 4.815240002237261e-06
7; 4.4047406654357917e-11; True; 5.839029961181001e-06; 2.669604166969657e-06; 1.9023313545621933e-06
8; 3.5502413215637214e-11; True; 9.881863921391611e-06; 9.912090280279518e-06; 5.033240432478488e-06
9; 3.425626833915711e-11; True; 3.5559456318592037e-06; 0.0; 0.0
10; 2.8356153821945194e-11; True; 7.640635325523674e-06; 9.485106233879925e-06; 4.691377130709589e-06
11; 3.232347220420838e-11; True; 8.565412994524604e-06; 1.1263853792846204e-05; 6.588883285224438e-06
12; 2.1082736787796022e-11; True; 6.005995103989617e-06; 8.661796647310257e-06; 3.4253472652286293e-06
13; 7.525189162254335e-11; False; 1.300396327859267e-05; 1.4844403776526453e-05; 7.551718062534929e-06
14; 3.728262018203736e-11; True; 7.718226141546019e-06; 7.4588318590074786e-06; 6.630150022730232e-06
15; 3.7002873373031624e-11; True; 7.302791247109078e-06; 8.174727476760745e-06; 6.216413794457913e-06
16; 5.503382678985597e-11; True; 9.128409777074518e-06; 1.1269163383543492e-05; 7.394803475588561e-06
17; 4.8141882677078256e-11; True; 8.811914273570059e-06; 1.1693050979822875e-05; 5.54577075727284e-06
18; 6.340079953193665e-11; False; 1.677386766446973e-05; 1.6670615839958193e-05; 1.0475582759827376e-05
19; 5.973865948677064e-11; True; 9.830796224890171e-06; 1.33935934022069e-05; 6.586667102947832e-06
20; 3.664683197975159e-11; True; 8.429126071713832e-06; 8.534821508824825e-06; 6.298830468207598e-06
21; 3.349332249641419e-11; False; 9.193638086632174e-06; 9.57023975364864e-06; 5.619462620094419e-06
22; 2.28883752822876e-11; True; 5.881867435877736e-06; 6.942772858589888e-06; 4.435723197832704e-06
23; 2.0268927888870243e-11; True; 6.22057377295936e-06; 1.0023168280348183e-05; 2.847793617099524e-06
24; 3.265408206939698e-11; True; 7.108628751657099e-06; 8.607738346606493e-06; 5.326556080579758e-06
25; 9.651264910697938e-11; True; 1.2233609211509869e-05; 1.5021250620484353e-05; 9.087394895404579e-06
26; 1.2731022962570192e-10; True; 1.761939518229474e-05; 1.749532034993172e-05; 1.0121593418717386e-05
27; 4.178400065422059e-11; True; 8.359702072014214e-06; 1.1768508245050909e-05; 5.8917646870017055e-06
28; 3.5553276271820073e-11; True; 7.689200173287819e-06; 1.0513754872232676e-05; 4.6638184204697615e-06
29; 8.082139627456666e-11; True; 1.1231873416533904e-05; 1.3270829192548991e-05; 8.057711470872164e-06
30; 7.9778703622818e-11; False; 1.3486934166030078e-05; 1.7862646935135128e-05; 8.187013509497047e-06
31; 4.346248150825501e-11; False; 8.979349348356487e-06; 1.0570155281573534e-05; 6.453818442672491e-06
32; 1.0353175086021426e-10; True; 1.4257550649884486e-05; 2.0755433371663097e-05; 7.771960225328804e-06
33; 2.276121764183045e-11; False; 7.347505830781225e-06; 8.488874812424184e-06; 4.27510108333081e-06
34; 2.5406096563339237e-11; True; 6.482249162859172e-06; 9.337330737337471e-06; 4.157711252570153e-06
35; 2.123532595634461e-11; True; 5.737967130547809e-06; 7.89154950901866e-06; 3.912136599421501e-06
36; 2.591472712516785e-11; True; 6.395239630897549e-06; 7.801374068111181e-06; 4.3695543704554445e-06
37; 1.6662737205505373e-10; True; 1.9863795626675446e-05; 1.6126516628265383e-05; 1.4798263628035785e-05
38; 4.903198616027833e-11; False; 1.8052971410359645e-05; 1.1339184523373843e-05; 6.316239331290126e-06
39; 7.118284712791444e-11; True; 1.045681790946789e-05; 1.2094315631687643e-05; 9.10362114571035e-06
40; 3.27558081817627e-11; True; 9.454406633601673e-06; 7.88156604282558e-06; 5.485147860646249e-06
41; 3.30864180469513e-11; True; 6.933012732428226e-06; 8.267391636222602e-06; 5.261635870859027e-06
42; 4.0970191755294807e-11; True; 7.968680298652398e-06; 8.727709059417248e-06; 7.044184337556363e-06
43; 2.0802989978790287e-11; True; 5.508318244699658e-06; 6.38041249960661e-06; 4.572500821389258e-06
44; 5.851794613838196e-11; True; 9.510121421540969e-06; 1.2677164878696204e-05; 6.413407639414073e-06
45; 3.064499135017396e-11; True; 6.798668648460454e-06; 8.445654695481062e-06; 4.772998400032521e-06
46; 3.415454222679139e-11; True; 7.757228254940037e-06; 1.0654525943100454e-05; 5.053495413810015e-06
47; 4.381852290153504e-11; True; 8.475675642626806e-06; 8.42129372395575e-06; 7.227192448079587e-06
48; 1.2830205922126773e-10; True; 1.581355229833711e-05; 2.3166865991055966e-05; 8.81544992402196e-06
49; 4.483578402519227e-11; False; 1.1792161856993403e-05; 1.2767095766961576e-05; 5.697337428107858e-06
50; 4.600563431739808e-11; True; 1.0381356172290111e-05; 1.3277065893262626e-05; 6.617110865190626e-06
51; 4.2140042047500615e-11; True; 8.222921743932229e-06; 1.0495121420919895e-05; 5.670194518193603e-06
52; 1.3638928515434268e-10; False; 1.9910332268970998e-05; 2.0062797021865846e-05; 1.0666482255607844e-05
53; 7.395488368988039e-11; True; 1.0561371591617178e-05; 1.1605581434816123e-05; 8.690696442872286e-06
54; 2.5253507394790654e-11; True; 6.259389324429636e-06; 7.332249708101154e-06; 4.986149144545198e-06
55; 9.63600599384308e-11; False; 1.562727279902894e-05; 1.7776673906296493e-05; 8.789204923808576e-06
56; 2.4058225574493413e-11; True; 6.0007487500967845e-06; 7.2654910951852805e-06; 4.97097805980593e-06
57; 2.014177024841309e-11; True; 5.427590785046417e-06; 6.5137971073389055e-06; 4.270390707440675e-06
58; 7.278503339767457e-11; True; 1.1084830666602798e-05; 1.3215161224454642e-05; 7.760196148231626e-06
59; 3.4866625013351446e-11; True; 7.742155223326905e-06; 7.5648539461195475e-06; 6.637374667450786e-06
60; 1.2062173773765566e-10; False; 1.7473932698138555e-05; 1.763928763866425e-05; 1.2711876753717662e-05
61; 8.819653942108155e-11; True; 1.2838575193788061e-05; 1.8712547667324546e-05; 6.734583126008511e-06
62; 9.933554872512819e-11; True; 1.8941530000929087e-05; 1.8833009918779137e-05; 7.5400750450789935e-06
63; 2.6931988248825077e-11; False; 7.072525373137409e-06; 1.049477101713419e-05; 3.891039675660431e-06
64; 1.413992961883545e-10; True; 1.67830011637182e-05; 2.132739941775799e-05; 9.625669252499939e-06
65; 4.837076642990113e-11; True; 9.176540988801482e-06; 9.225291560217739e-06; 7.037004101648927e-06
66; 1.0343002474784852e-10; True; 1.29512869734946e-05; 1.6245088159292937e-05; 9.038901688158513e-06
67; 7.41329043865204e-11; True; 1.1382565067796627e-05; 1.312298191189766e-05; 8.12655121460557e-06
68; 3.65705373954773e-11; True; 7.44728507785067e-06; 8.529002129286528e-06; 6.4464234627783305e-06
69; 5.816190474510194e-11; True; 9.481047441712044e-06; 9.163568176701666e-06; 8.560167990997435e-06
70; 5.5288142070770275e-11; True; 9.478533507269507e-06; 1.1964905916899443e-05; 6.508321439847351e-06
71; 2.6957419776916507e-11; True; 6.635527209513467e-06; 8.979602539166808e-06; 4.372931873612106e-06
72; 3.255235595703125e-11; True; 7.094893698576475e-06; 8.822958055138589e-06; 5.423903848975897e-06
73; 5.772956876754762e-11; False; 1.0072672184890709e-05; 1.1047453904896975e-05; 7.831239299103618e-06
74; 7.916834694862368e-11; True; 1.1547384206446443e-05; 1.2906210936605932e-05; 9.301506208628417e-06
75; 2.2812080698013308e-11; True; 5.957862296407514e-06; 8.189416452124715e-06; 3.838878482952714e-06
76; 7.331909548759461e-11; True; 1.0652816904462196e-05; 1.1271601609885694e-05; 8.920384907722473e-06
77; 3.105189579963684e-11; False; 8.90118498760856e-06; 1.3060805923491717e-05; 3.511809095181525e-06
78; 6.925005099296571e-11; True; 1.4815234173715912e-05; 1.940600527599454e-05; 5.102293095178902e-06
79; 2.92716888332367e-11; True; 6.459208947057055e-06; 7.006803675368429e-06; 5.567695327475667e-06
80; 3.278123970985413e-11; True; 7.297977201674688e-06; 1.004982390999794e-05; 4.42881549820304e-06
81; 2.5584117259979253e-11; True; 6.380467829252725e-06; 8.226915740594269e-06; 4.308943336457014e-06
82; 1.0215844834327699e-10; False; 1.8762833601781265e-05; 1.556634385958314e-05; 1.2323598942160607e-05
83; 2.3371574316024783e-11; True; 6.063551827034581e-06; 8.91168138869107e-06; 3.892043740674853e-06
84; 2.1489641237258914e-11; True; 5.753488999047039e-06; 6.4973999135196215e-06; 4.675026474893093e-06
85; 3.382393236160279e-11; True; 1.0037825498929303e-05; 1.2629031808674337e-05; 5.5018303658813246e-06
86; 3.234890373229981e-11; False; 7.946273681407621e-06; 8.006374882906675e-06; 6.128518411517144e-06
87; 4.3233597755432134e-11; True; 8.133777908000858e-06; 9.515082182735206e-06; 6.396945961564779e-06
88; 4.117364398002625e-11; True; 7.840218305077633e-06; 9.125782968476415e-06; 5.954677983373404e-06
89; 3.7511503934860235e-11; True; 8.530768295276225e-06; 1.1019862040132284e-05; 4.771771074272693e-06
90; 1.9073646068573e-11; True; 5.980995880379082e-06; 9.298782062530519e-06; 2.9045410843566062e-06
91; 2.133705206871033e-11; True; 5.7626622551790914e-06; 8.425007030740381e-06; 3.6429909041151407e-06
92; 3.4764898900985727e-11; True; 7.472222964877931e-06; 7.8073546577245e-06; 7.068200988695026e-06
93; 2.469401377677918e-11; True; 6.051943925823399e-06; 6.278216262161732e-06; 5.358973905816675e-06
94; 6.589308928489686e-11; False; 1.3531009481899979e-05; 1.3389863061904907e-05; 8.320137139409781e-06
95; 2.2990101394653324e-11; True; 5.941171627065662e-06; 6.317263167351485e-06; 5.416757680103183e-06
96; 4.595477126121522e-11; True; 8.14616208750632e-06; 8.955094957724214e-06; 6.714918538555504e-06
97; 2.1794819574356083e-11; False; 7.535900240679108e-06; 7.709724619612098e-06; 7.213316214829684e-06
98; 3.100103274345398e-11; False; 7.342852060507381e-06; 1.100451849102974e-05; 5.112764754146338e-06
99; 3.6977441844940194e-11; True; 7.68923017309241e-06; 9.977189950272442e-06; 6.215796329453588e-06
100; 1.097879067707062e-10; False; 1.4805868233207168e-05; 1.5919743110984566e-05; 1.152191644757986e-05
101; 7.0979394903183e-11; True; 1.0238254283174157e-05; 1.192957110181451e-05; 8.144156571477653e-06
102; 1.9556845102310182e-11; True; 5.785387445975788e-06; 9.176767935976387e-06; 3.0549336591735486e-06
103; 4.430172193527222e-11; True; 8.085452976558145e-06; 9.172886727377773e-06; 6.504070968925953e-06
104; 8.636546939849855e-11; True; 1.1397850971155746e-05; 1.2085276917368175e-05; 1.0436498137563469e-05
105; 1.5492886913299564e-10; True; 2.5056201694665122e-05; 2.2449608908593656e-05; 9.841243014857174e-06
106; 5.444890164375306e-11; True; 9.662992672247475e-06; 1.3298486758023501e-05; 5.905395759269596e-06
107; 1.5770090569496156e-10; True; 1.544709194961245e-05; 1.6042857724428178e-05; 1.3891496498137713e-05
108; 6.970781849861146e-11; True; 1.0533398612791054e-05; 1.447071760594845e-05; 6.919581116363407e-06
109; 2.2227155551910404e-11; True; 6.090243699349505e-06; 8.372478096559645e-06; 3.971956791542471e-06
110; 2.1820251102447513e-11; True; 5.902238820879294e-06; 9.64028522707522e-06; 4.018314117379487e-06
111; 9.414751699447633e-11; True; 1.2694974164138868e-05; 1.6059965459257364e-05; 8.520368569344283e-06
112; 4.936259602546693e-11; False; 1.0617924646868106e-05; 1.3697996957600118e-05; 5.609460295364261e-06
113; 3.105189579963684e-11; True; 7.596685680728907e-06; 1.0817850607633591e-05; 4.272237019054592e-06
114; 2.886478438377381e-11; True; 7.064478054298454e-06; 1.0430386754870415e-05; 4.016571527719498e-06
115; 1.223256501197815e-10; True; 1.4000555510708742e-05; 1.609322705194354e-05; 1.0884575761854649e-05
116; 8.092312238693239e-11; True; 1.09935726759528e-05; 1.2914767845720053e-05; 8.76786253489554e-06
117; 3.356961708068848e-11; True; 7.954439777119002e-06; 1.032266679108143e-05; 4.550599976442754e-06
118; 4.1631411485672004e-11; True; 9.916446700975468e-06; 6.85522848777473e-06; 5.110681189969182e-06
119; 2.0268927888870243e-11; False; 6.36265531362922e-06; 5.967397762462497e-06; 5.309360136464238e-06
120; 1.9780642549514774e-10; True; 1.7428649518255152e-05; 2.1901769623160363e-05; 1.2490331526845694e-05
121; 3.4790330429077157e-11; True; 8.327679423035436e-06; 9.28707516938448e-06; 5.902652754634619e-06
122; 7.225097130775453e-11; True; 1.197170315689742e-05; 1.4105414359271527e-05; 7.3075012240558865e-06
123; 2.8000112428665166e-11; True; 7.711539950275891e-06; 1.3172160109877588e-05; 3.2840968225151304e-06
124; 1.2809860699653626e-10; True; 1.9419780805522284e-05; 1.8330827759951355e-05; 9.539047124981881e-06
125; 2.6423357686996466e-11; True; 6.145902360623312e-06; 7.04572222083807e-06; 5.0960281066596516e-06
126; 2.215086096763611e-11; True; 5.751368837040431e-06; 7.240277839452029e-06; 4.620910381898284e-06
127; 5.4296312475204476e-11; True; 9.089010219408646e-06; 1.0651531694084407e-05; 6.9614306434988984e-06
128; 4.3615070676803595e-11; True; 1.3342852886930236e-05; 1.2431879795342685e-05; 4.610446023009718e-06
129; 4.478492096900941e-11; True; 8.581207329594824e-06; 1.135686044767499e-05; 5.2102372322231534e-06
130; 2.1049675801277164e-10; True; 9.246442550238134e-06; 2.358199531771243e-06; 1.627418140694499e-06
131; 5.523727901458741e-11; False; 1.1836276381235797e-05; 1.394516181126237e-05; 6.012206254899502e-06
132; 1.0014935762405397e-10; True; 1.193607832264284e-05; 1.2120358663052321e-05; 1.1110451152175665e-05
133; 4.430172193527222e-11; True; 8.136214708695413e-06; 1.0268986877799035e-05; 5.652356775477529e-06
134; 2.426167779922486e-11; True; 6.081662196426384e-06; 7.502306870371104e-06; 4.226181733980775e-06
135; 2.700828283309937e-11; True; 7.193060841419342e-06; 1.0553646153211595e-05; 3.876104018464685e-06
136; 1.6009146933555605e-10; True; 1.5799002370150008e-05; 2.007682899013162e-05; 1.106763132289052e-05
137; 1.9760297327041628e-11; True; 5.472735337366884e-06; 7.277982138469816e-06; 3.705941613391042e-06
138; 2.6957419776916507e-11; True; 6.353477367441984e-06; 6.9952513005584485e-06; 5.202089735865593e-06
139; 3.369677472114564e-11; True; 7.106384999822179e-06; 9.13420665115118e-06; 4.973871628567576e-06
140; 1.0037824137687684e-10; True; 8.145600932742678e-06; 8.428941164910795e-06; 6.307903857901693e-06
141; 3.2425198316574103e-11; True; 7.30651516889972e-06; 9.779476439207792e-06; 5.648965280503035e-06
142; 1.1362806751251223e-10; True; 1.9286810923781773e-05; 1.3808965456485749e-05; 1.2703175059705974e-05
143; 1.0625292436599734e-10; True; 1.7486507793210507e-05; 1.3486012400686742e-05; 1.0317807371914387e-05
144; 2.393106793403626e-11; True; 6.363625725703319e-06; 9.821418434008957e-06; 3.27145369425416e-06
145; 6.721552874565125e-11; True; 1.3551047791928634e-05; 1.4459143330901862e-05; 7.169231646880508e-06
146; 5.4296312475204476e-11; True; 1.2637229029968249e-05; 1.1382123587280513e-05; 6.247083250805736e-06
147; 2.3346142787933353e-11; True; 5.846703707582682e-06; 7.06328073553741e-06; 4.485513689927757e-06
148; 4.55224352836609e-11; True; 1.173177341610947e-05; 9.580110068619253e-06; 6.152131733298302e-06
149; 6.863969431877137e-11; True; 1.247793400314866e-05; 1.5183937744796277e-05; 1.0079531580954791e-05
150; 2.215086096763611e-11; True; 9.586301574798465e-06; 1.0426402128487827e-05; 2.9869258202612404e-06
151; 3.562957085609436e-11; True; 9.710959827664856e-06; 1.0966160226613285e-05; 5.423957382887602e-06
152; 4.651426487922669e-11; True; 9.935830583117313e-06; 1.2151179596036674e-05; 8.2384206648916e-06
153; 4.4123701238632206e-11; True; 8.080451366361403e-06; 6.921460765004159e-05; 2.725743841826916e-05
154; 4.297928247451783e-11; True; 4.269442963814296e-06; 1.2794953172095122e-06; 9.396605248562992e-07
155; 3.4001953058242803e-11; True; 8.629165982919563e-06; 1.030924681276083e-05; 6.869791536778212e-06
